[
    {
        "lidar_path": "/home2/wzc/UniAD/data/nuscenes/samples/LIDAR_TOP/n015-2018-08-02-17-16-37+0800__LIDAR_TOP__1533201470448696.pcd.bin",
        "token": "",
        "prev": "",
        "next": "",
        "can_bus": [],
        "frame_idx": 0,
        "sweeps": [],
        "cams": {
            "CAM_FRONT": {
                "data_path": "/home2/wzc/UniAD/data/nuscenes/samples/CAM_FRONT/n015-2018-08-02-17-16-37+0800__CAM_FRONT__1533201470412460.jpg",
                "type": "CAM_FRONT",
                "sample_data_token": "",
                "sensor2ego_translation": [
                    1.70079118954,
                    0.0159456324149,
                    1.51095763913
                ],
                "sensor2ego_rotation": [
                    0.4998015430569128,
                    -0.5030316162024876,
                    0.4997798114386805,
                    -0.49737083824542755
                ],
                "ego2global_translation": [],
                "ego2global_rotation": [],
                "timestamp": 1533201470412460,  
                "sensor2lidar_rotation": [
                    [
                        0.9999693728739966,
                        0.006755601474249302,
                        -0.003951602548949129
                    ],
                    [
                        0.003824557675651031,
                        0.0187164545279605,
                        0.9998175168942008
                    ],
                    [
                        0.006828328680530752,
                        -0.9998020084889915,
                        0.018690044109277416
                    ]
                ],
                "sensor2lidar_translation": [
                    -0.012715806721303125,
                    0.7688055822719093,
                    -0.31059455973338856
                ],
                "cam_intrinsic": [
                    [
                        1266.417203046554,
                        0.0,
                        816.2670197447984
                    ],
                    [
                        0.0,
                        1266.417203046554,
                        491.50706579294757
                    ],
                    [
                        0.0,
                        0.0,
                        1.0
                    ]
                ]
            },
            "CAM_FRONT_RIGHT": {
                "data_path": "/home2/wzc/UniAD/data/nuscenes/samples/CAM_FRONT_RIGHT/n015-2018-08-02-17-16-37+0800__CAM_FRONT_RIGHT__1533201470420339.jpg",
                "type": "CAM_FRONT_RIGHT",
                "sample_data_token": "",
                "sensor2ego_translation": [
                    1.5508477543,
                    -0.493404796419,
                    1.49574800619
                ],
                "sensor2ego_rotation": [
                    0.2060347966337182,
                    -0.2026940577919598,
                    0.6824507824531167,
                    -0.6713610884174485
                ],
                "ego2global_translation": [
                    249.89927564971845,
                    917.551624895163,
                    0.0
                ],
                "ego2global_rotation": [
                    0.9984375579351017,
                    -0.008651103397212567,
                    0.002549137623400073,
                    -0.05514619852699021
                ],
                "timestamp": 1533201470420339,
                "sensor2lidar_rotation": [
                    [
                        0.5518728006969844,
                        -0.010452325915577761,
                        0.8338627949092215
                    ],
                    [
                        -0.8335213795734647,
                        0.024319671348433384,
                        0.5519516857293306
                    ],
                    [
                        -0.0260484480307739,
                        -0.9996495898405882,
                        0.004709128022186309
                    ]
                ],
                "sensor2lidar_translation": [
                    0.49650027090206095,
                    0.6174621492795893,
                    -0.32655958795607276
                ],
                "cam_intrinsic": [
                    [
                        1260.8474446004698,
                        0.0,
                        807.968244525554
                    ],
                    [
                        0.0,
                        1260.8474446004698,
                        495.3344268742088
                    ],
                    [
                        0.0,
                        0.0,
                        1.0
                    ]
                ]
            },
            "CAM_FRONT_LEFT": {
                "data_path": "/home2/wzc/UniAD/data/nuscenes/samples/CAM_FRONT_LEFT/n015-2018-08-02-17-16-37+0800__CAM_FRONT_LEFT__1533201470404874.jpg",
                "type": "CAM_FRONT_LEFT",
                "sample_data_token": "9adb8200723d4223bfc48ffd2c3a7646",
                "sensor2ego_translation": [
                    1.52387798135,
                    0.494631336551,
                    1.50932822144
                ],
                "sensor2ego_rotation": [
                    0.6757265034669446,
                    -0.6736266522251881,
                    0.21214015046209478,
                    -0.21122827103904068
                ],
                "ego2global_translation": [
                    249.9010710170623,
                    917.551270026704,
                    0.0
                ],
                "ego2global_rotation": [
                    0.9984418312826709,
                    -0.008654774439473843,
                    0.0024989952571667228,
                    -0.05507049524938595
                ],
                "timestamp": 1533201470404874,
                "sensor2lidar_rotation": [
                    [
                        0.5726028043564848,
                        0.0027092489875872503,
                        -0.8198284505998853
                    ],
                    [
                        0.8195566437415105,
                        0.024067561593338945,
                        0.5724924979229841
                    ],
                    [
                        0.021282296451183572,
                        -0.9997066632011964,
                        0.011560770255041255
                    ]
                ],
                "sensor2lidar_translation": [
                    -0.4917212028847189,
                    0.5936531098472528,
                    -0.31925386662383204
                ],
                "cam_intrinsic": [
                    [
                        1272.5979470598488,
                        0.0,
                        826.6154927353808
                    ],
                    [
                        0.0,
                        1272.5979470598488,
                        479.75165386361925
                    ],
                    [
                        0.0,
                        0.0,
                        1.0
                    ]
                ]
            },
            "CAM_BACK": {
                "data_path": "/home2/wzc/UniAD/data/nuscenes/samples/CAM_BACK/n015-2018-08-02-17-16-37+0800__CAM_BACK__1533201470437525.jpg",
                "type": "CAM_BACK",
                "sample_data_token": "fdb81e7a95824171bac5f2d470bba0b3",
                "sensor2ego_translation": [
                    0.0283260309358,
                    0.00345136761476,
                    1.57910346144
                ],
                "sensor2ego_rotation": [
                    0.5037872666382278,
                    -0.49740249788611096,
                    -0.4941850223835201,
                    0.5045496097725578
                ],
                "ego2global_translation": [
                    249.89736184222724,
                    917.5520072342415,
                    0.0
                ],
                "ego2global_rotation": [
                    0.9984331635420973,
                    -0.008647395174029798,
                    0.002563918547139692,
                    -0.055225599296953864
                ],
                "timestamp": 1533201470437525,
                "sensor2lidar_rotation": [
                    [
                        -0.9999413173368413,
                        0.009846645553456103,
                        -0.004517239644395279
                    ],
                    [
                        0.004591280151619832,
                        0.0075097729192299114,
                        -0.9999612609782784
                    ],
                    [
                        -0.009812340660088988,
                        -0.9999233205011492,
                        -0.007554540934044881
                    ]
                ],
                "sensor2lidar_translation": [
                    -0.0036954598058400734,
                    -0.9075747504218441,
                    -0.283221870904093
                ],
                "cam_intrinsic": [
                    [
                        809.2209905677063,
                        0.0,
                        829.2196003259838
                    ],
                    [
                        0.0,
                        809.2209905677063,
                        481.77842384512485
                    ],
                    [
                        0.0,
                        0.0,
                        1.0
                    ]
                ]
            },
            "CAM_BACK_LEFT": {
                "data_path": "/home2/wzc/UniAD/data/nuscenes/samples/CAM_BACK_LEFT/n015-2018-08-02-17-16-37+0800__CAM_BACK_LEFT__1533201470447423.jpg",
                "type": "CAM_BACK_LEFT",
                "sample_data_token": "97bd930608044d26bf17b10ed0a54c8e",
                "sensor2ego_translation": [
                    1.03569100218,
                    0.484795032713,
                    1.59097014818
                ],
                "sensor2ego_rotation": [
                    0.6924185592174665,
                    -0.7031619420114925,
                    -0.11648342771943819,
                    0.11203317912370753
                ],
                "ego2global_translation": [
                    249.89634250730177,
                    917.5522138873966,
                    0.0
                ],
                "ego2global_rotation": [
                    0.9984307585239696,
                    -0.008637853286353251,
                    0.0025761251065602453,
                    -0.05526998736466382
                ],
                "timestamp": 1533201470447423,
                "sensor2lidar_rotation": [
                    [
                        -0.3170637040675469,
                        0.019895609309549686,
                        -0.9481955348413992
                    ],
                    [
                        0.9480779188624351,
                        0.03287371923632269,
                        -0.3163345987226865
                    ],
                    [
                        0.024877044206231273,
                        -0.9992614689428244,
                        -0.029285651056243037
                    ]
                ],
                "sensor2lidar_translation": [
                    -0.48313021193087025,
                    0.09925074956760227,
                    -0.24976867779076528
                ],
                "cam_intrinsic": [
                    [
                        1256.7414812095406,
                        0.0,
                        792.1125740759628
                    ],
                    [
                        0.0,
                        1256.7414812095406,
                        492.7757465151356
                    ],
                    [
                        0.0,
                        0.0,
                        1.0
                    ]
                ]
            },
            "CAM_BACK_RIGHT": {
                "data_path": "/home2/wzc/UniAD/data/nuscenes/samples/CAM_BACK_RIGHT/n015-2018-08-02-17-16-37+0800__CAM_BACK_RIGHT__1533201470427893.jpg",
                "type": "CAM_BACK_RIGHT",
                "sample_data_token": "669b1e90a823418b854daa7ce5c4e9e3",
                "sensor2ego_translation": [
                    1.0148780988,
                    -0.480568219723,
                    1.56239545128
                ],
                "sensor2ego_rotation": [
                    0.12280980120078765,
                    -0.132400842670559,
                    -0.7004305821388234,
                    0.690496031265798
                ],
                "ego2global_translation": [
                    249.89843418721884,
                    917.5517929583903,
                    0.0
                ],
                "ego2global_rotation": [
                    0.9984356122615022,
                    -0.008651581535513505,
                    0.0025536531302165775,
                    -0.0551811304761371
                ],
                "timestamp": 1533201470427893,
                "sensor2lidar_rotation": [
                    [
                        -0.3567246414755177,
                        -0.005413898071006906,
                        0.934193887729864
                    ],
                    [
                        -0.9335307099588551,
                        0.04018099149456167,
                        -0.3562385457614421
                    ],
                    [
                        -0.035608197481429044,
                        -0.9991777507681946,
                        -0.01938758989490032
                    ]
                ],
                "sensor2lidar_translation": [
                    0.482312676691663,
                    0.0791837770804591,
                    -0.27307179836459383
                ],
                "cam_intrinsic": [
                    [
                        1259.5137405846733,
                        0.0,
                        807.2529053838625
                    ],
                    [
                        0.0,
                        1259.5137405846733,
                        501.19579884916527
                    ],
                    [
                        0.0,
                        0.0,
                        1.0
                    ]
                ]
            }
        },
        "scene_token": "e7ef871f77f44331aefdebc24ec034b7",
        "lidar2ego_translation": [
            0.943713,
            0.0,
            1.84023
        ],
        "lidar2ego_rotation": [
            0.7077955119163518,
            -0.006492242056004365,
            0.010646214713995808,
            -0.7063073142877817
        ],
        "ego2global_translation": [
            249.89610931430778,
            917.5522573162784,
            0.0
        ],
        "ego2global_rotation": [
            0.9984303573176436,
            -0.008635865272570774,
            0.0025833156025800875,
            -0.05527720957189669
        ],
        "timestamp": 1533201470448696,
        "lidar_token": "",
        "lidarseg": "lidarseg/v1.0-trainval/80a35c14dd68408d83cf0e4f814feae4_lidarseg.bin",
        "gt_boxes": [],
        "gt_names": [],
        "gt_velocity": [],
        "num_lidar_pts": [],
        "num_radar_pts": [],
        "valid_flag": []
    },
    {
        "lidar_path": "",
        "token": "",
        "prev": "",
        "next": "",
        "can_bus": [],
        "frame_idx": 1,
        "sweeps": [],
        "cams": {
            "CAM_FRONT": {
                "data_path": "/home2/wzc/UniAD/data/nuscenes/samples/CAM_FRONT/n015-2018-08-02-17-16-37+0800__CAM_FRONT__1533201470912460.jpg",
                "type": "CAM_FRONT",
                "sample_data_token": "85628360e4574730b17c77686d7ddda1",
                "sensor2ego_translation": [
                    1.70079118954,
                    0.0159456324149,
                    1.51095763913
                ],
                "sensor2ego_rotation": [
                    0.4998015430569128,
                    -0.5030316162024876,
                    0.4997798114386805,
                    -0.49737083824542755
                ],
                "ego2global_translation": [
                    249.87323145013357,
                    917.5584012904023,
                    0.0
                ],
                "ego2global_rotation": [
                    0.9983534224940536,
                    -0.008526933926897677,
                    0.0023606432233135555,
                    -0.0566759433603744
                ],
                "timestamp": 1533201470912460,
                "sensor2lidar_rotation": [
                    [
                        0.9999708408579033,
                        0.006706301276941805,
                        -0.0036528012704626998
                    ],
                    [
                        0.0035284796722191264,
                        0.01845719249142083,
                        0.9998234253489653
                    ],
                    [
                        0.006772537570315951,
                        -0.9998071601906632,
                        0.018432991247790832
                    ]
                ],
                "sensor2lidar_translation": [
                    -0.012269090211816547,
                    0.7654741050459961,
                    -0.3111265181014602
                ],
                "cam_intrinsic": [
                    [
                        1266.417203046554,
                        0.0,
                        816.2670197447984
                    ],
                    [
                        0.0,
                        1266.417203046554,
                        491.50706579294757
                    ],
                    [
                        0.0,
                        0.0,
                        1.0
                    ]
                ]
            },
            "CAM_FRONT_RIGHT": {
                "data_path": "/home2/wzc/UniAD/data/nuscenes/samples/CAM_FRONT_RIGHT/n015-2018-08-02-17-16-37+0800__CAM_FRONT_RIGHT__1533201470920339.jpg",
                "type": "CAM_FRONT_RIGHT",
                "sample_data_token": "f6f1c3d041444769a3667b07e4cf9ffa",
                "sensor2ego_translation": [
                    1.5508477543,
                    -0.493404796419,
                    1.49574800619
                ],
                "sensor2ego_rotation": [
                    0.2060347966337182,
                    -0.2026940577919598,
                    0.6824507824531167,
                    -0.6713610884174485
                ],
                "ego2global_translation": [
                    249.87313729616648,
                    917.5584543963353,
                    0.0
                ],
                "ego2global_rotation": [
                    0.9983520799181554,
                    -0.008525017977326233,
                    0.0023463086904973217,
                    -0.056700471136559516
                ],
                "timestamp": 1533201470920339,
                "sensor2lidar_rotation": [
                    [
                        0.5516454787785522,
                        -0.010504256234681104,
                        0.8340125456755064
                    ],
                    [
                        -0.8336754532739465,
                        0.024144973862785697,
                        0.551726616038818
                    ],
                    [
                        -0.0259326888629357,
                        -0.9996532803117898,
                        0.0045623250888786075
                    ]
                ],
                "sensor2lidar_translation": [
                    0.49690411845654126,
                    0.6146866063818379,
                    -0.32693892378843614
                ],
                "cam_intrinsic": [
                    [
                        1260.8474446004698,
                        0.0,
                        807.968244525554
                    ],
                    [
                        0.0,
                        1260.8474446004698,
                        495.3344268742088
                    ],
                    [
                        0.0,
                        0.0,
                        1.0
                    ]
                ]
            },
            "CAM_FRONT_LEFT": {
                "data_path": "/home2/wzc/UniAD/data/nuscenes/samples/CAM_FRONT_LEFT/n015-2018-08-02-17-16-37+0800__CAM_FRONT_LEFT__1533201470904844.jpg",
                "type": "CAM_FRONT_LEFT",
                "sample_data_token": "bae8b1b61eae48418a4027343996eb88",
                "sensor2ego_translation": [
                    1.52387798135,
                    0.494631336551,
                    1.50932822144
                ],
                "sensor2ego_rotation": [
                    0.6757265034669446,
                    -0.6736266522251881,
                    0.21214015046209478,
                    -0.21122827103904068
                ],
                "ego2global_translation": [
                    249.87332214349883,
                    917.5583503499693,
                    0.0
                ],
                "ego2global_rotation": [
                    0.9983547560467526,
                    -0.00852878812400576,
                    0.0023744936778290027,
                    -0.05665158984299329
                ],
                "timestamp": 1533201470904844,
                "sensor2lidar_rotation": [
                    [
                        0.5728697056776761,
                        0.0026657139958836777,
                        -0.8196421135383813
                    ],
                    [
                        0.8193779218615725,
                        0.023732616771494703,
                        0.5727622404340115
                    ],
                    [
                        0.020979072491023012,
                        -0.9997147877620245,
                        0.011411469990622798
                    ]
                ],
                "sensor2lidar_translation": [
                    -0.4913307160509248,
                    0.5897875884291466,
                    -0.31985299247933696
                ],
                "cam_intrinsic": [
                    [
                        1272.5979470598488,
                        0.0,
                        826.6154927353808
                    ],
                    [
                        0.0,
                        1272.5979470598488,
                        479.75165386361925
                    ],
                    [
                        0.0,
                        0.0,
                        1.0
                    ]
                ]
            },
            "CAM_BACK": {
                "data_path": "/home2/wzc/UniAD/data/nuscenes/samples/CAM_BACK/n015-2018-08-02-17-16-37+0800__CAM_BACK__1533201470937525.jpg",
                "type": "CAM_BACK",
                "sample_data_token": "ba4575513a644801a5c9c749cc5ed2b9",
                "sensor2ego_translation": [
                    0.0283260309358,
                    0.00345136761476,
                    1.57910346144
                ],
                "sensor2ego_rotation": [
                    0.5037872666382278,
                    -0.49740249788611096,
                    -0.4941850223835201,
                    0.5045496097725578
                ],
                "ego2global_translation": [
                    249.87296599804552,
                    917.5585920811261,
                    0.0
                ],
                "ego2global_rotation": [
                    0.9983522585573139,
                    -0.008534105965300472,
                    0.0023151866260605475,
                    -0.05669723784956027
                ],
                "timestamp": 1533201470937525,
                "sensor2lidar_rotation": [
                    [
                        -0.9999411532711572,
                        0.009813838317747863,
                        -0.004623696813314408
                    ],
                    [
                        0.004696659288105404,
                        0.007424672324593123,
                        -0.9999614070714952
                    ],
                    [
                        -0.00977913013922017,
                        -0.9999242785423033,
                        -0.0074703276618010754
                    ]
                ],
                "sensor2lidar_translation": [
                    -0.0036844163541900343,
                    -0.9085991403768219,
                    -0.28325317723728105
                ],
                "cam_intrinsic": [
                    [
                        809.2209905677063,
                        0.0,
                        829.2196003259838
                    ],
                    [
                        0.0,
                        809.2209905677063,
                        481.77842384512485
                    ],
                    [
                        0.0,
                        0.0,
                        1.0
                    ]
                ]
            },
            "CAM_BACK_LEFT": {
                "data_path": "/home2/wzc/UniAD/data/nuscenes/samples/CAM_BACK_LEFT/n015-2018-08-02-17-16-37+0800__CAM_BACK_LEFT__1533201470947423.jpg",
                "type": "CAM_BACK_LEFT",
                "sample_data_token": "b5a84cc7f1ac4cc08edfa07b2fecff5f",
                "sensor2ego_translation": [
                    1.03569100218,
                    0.484795032713,
                    1.59097014818
                ],
                "sensor2ego_rotation": [
                    0.6924185592174665,
                    -0.7031619420114925,
                    -0.11648342771943819,
                    0.11203317912370753
                ],
                "ego2global_translation": [
                    249.87287861077766,
                    917.5586604228953,
                    0.0
                ],
                "ego2global_rotation": [
                    0.9983512254403286,
                    -0.008539207081459834,
                    0.002301020354698678,
                    -0.056715235250693385
                ],
                "timestamp": 1533201470947423,
                "sensor2lidar_rotation": [
                    [
                        -0.3170121539807346,
                        0.019891575382244307,
                        -0.9482128555642495
                    ],
                    [
                        0.9480958462832795,
                        0.03284299754207313,
                        -0.31628405551472893
                    ],
                    [
                        0.024850764352185622,
                        -0.9992625594613583,
                        -0.02927074938993312
                    ]
                ],
                "sensor2lidar_translation": [
                    -0.4830709099219348,
                    0.09910768248397517,
                    -0.24980157303072303
                ],
                "cam_intrinsic": [
                    [
                        1256.7414812095406,
                        0.0,
                        792.1125740759628
                    ],
                    [
                        0.0,
                        1256.7414812095406,
                        492.7757465151356
                    ],
                    [
                        0.0,
                        0.0,
                        1.0
                    ]
                ]
            },
            "CAM_BACK_RIGHT": {
                "data_path": "/home2/wzc/UniAD/data/nuscenes/samples/CAM_BACK_RIGHT/n015-2018-08-02-17-16-37+0800__CAM_BACK_RIGHT__1533201470927893.jpg",
                "type": "CAM_BACK_RIGHT",
                "sample_data_token": "dba541cf73da42c0a93190804abad67f",
                "sensor2ego_translation": [
                    1.0148780988,
                    -0.480568219723,
                    1.56239545128
                ],
                "sensor2ego_rotation": [
                    0.12280980120078765,
                    -0.132400842670559,
                    -0.7004305821388234,
                    0.690496031265798
                ],
                "ego2global_translation": [
                    249.87306200442674,
                    917.5585149149526,
                    0.0
                ],
                "ego2global_rotation": [
                    0.9983521763341681,
                    -0.00852722277103922,
                    0.0023312047521290547,
                    -0.05669906493979815
                ],
                "timestamp": 1533201470927893,
                "sensor2lidar_rotation": [
                    [
                        -0.35691167453395817,
                        -0.0054611922163058215,
                        0.9341221718602679
                    ],
                    [
                        -0.9334648741555681,
                        0.0400441649579611,
                        -0.35642642097710725
                    ],
                    [
                        -0.03545962914493552,
                        -0.9991829863605552,
                        -0.01939006107539323
                    ]
                ],
                "sensor2lidar_translation": [
                    0.4825222219259331,
                    0.07716592851190285,
                    -0.2732929432308673
                ],
                "cam_intrinsic": [
                    [
                        1259.5137405846733,
                        0.0,
                        807.2529053838625
                    ],
                    [
                        0.0,
                        1259.5137405846733,
                        501.19579884916527
                    ],
                    [
                        0.0,
                        0.0,
                        1.0
                    ]
                ]
            }
        },
        "scene_token": "e7ef871f77f44331aefdebc24ec034b7",
        "lidar2ego_translation": [
            0.943713,
            0.0,
            1.84023
        ],
        "lidar2ego_rotation": [
            0.7077955119163518,
            -0.006492242056004365,
            0.010646214713995808,
            -0.7063073142877817
        ],
        "ego2global_translation": [
            249.87286140205782,
            917.5586761485395,
            0.0
        ],
        "ego2global_rotation": [
            0.998352367217269,
            -0.008540212772537494,
            0.0022935935593023957,
            -0.05669528257323947
        ],
        "timestamp": 1533201470948018,
        "lidar_token": "",
        "lidarseg": "",
        "gt_boxes": [],
        "gt_names": [],
        "gt_velocity": [],
        "num_lidar_pts": [],
        "num_radar_pts": [],
        "valid_flag": [
            true,
            true,
            true,
            true,
            true,
            true,
            true,
            false,
            true,
            true,
            true,
            true,
            false,
            true,
            true,
            false,
            true,
            true,
            true,
            true,
            false,
            true,
            true,
            true,
            true,
            true,
            true,
            true,
            true,
            true,
            true,
            true,
            true,
            true,
            true,
            true,
            true,
            true
        ]
    }
]